27,1
27,3
10,281
10,19
10,267
10,189
10,89
10,165
10,273
10,23
11,23
11,5
11,17
8,9
8,15
8,13
50,4
50,3
50,2
50,1
50,0
49,3
49,2
49,1
49,0
48,3
48,2
48,1
48,0
47,5
47,4
47,3
47,2
47,1
47,0
46,4
46,3
46,2
46,1
46,0
44,5
44,4
44,3
44,2
44,1
44,0
41,5
41,4
41,3
41,2
41,1
41,0
39,5
39,4
39,3
39,2
39,1
39,0
30,5
30,1
20,3
20,2
20,1
19,3
19,2
19,1
18,3
18,1
14,3
14,1
13,3
13,1
12,3
12,2
12,1
11,29
11,27
11,21
11,19
11,9
11,7
11,3
11,2
11,1
10,301
10,235
10,217
10,191
10,167
10,127
10,97
10,15
10,3
10,2
10,1
9,7
9,5
9,3
9,2
9,1
8,18
8,17
8,16
8,14
